        Hm0         Te      power    weight         Tp  lambda_opt  width_opt   opt_pwr_kW
0  0.941541   7.905384   3.438217  0.189658   8.748256  119.490155  19.017449    65.386118
1  0.971750   9.321532   4.318458  0.175618  10.315394  166.134853  26.441183   114.185146
2  1.023233   6.751923   3.468235  0.096570   7.471813   87.164802  13.872709    48.113813
3  1.034855   4.157760   2.184491  0.112037   4.601060   33.052549   5.260477    11.491465
4  1.106786  11.206788   6.735051  0.082472  12.401656  240.131139  38.218058   257.400561
5  1.143219   5.535527   3.549360  0.181725   6.125725   58.587389   9.324473    33.095912
6  1.225282  13.595457  10.013783  0.031334  15.045004  353.405858  56.246289   563.238140
7  2.347836   6.611698  17.880532  0.064608   7.316637   83.581884  13.302470   237.855244
8  2.676328   9.072635  31.881890  0.037098  10.039959  157.381252  25.048004   798.577723
9  3.454921  11.162585  65.369169  0.028880  12.352739  238.240558  37.917162  2478.613404
Average annual power density [kW/m]: 7.730219172617576
Average annual power [kW]: 199.85372134677533
