        Hm0        Te     power    weight        Tp  lambda_opt  width_opt  opt_pwr_kW
0  0.147876  3.407256  0.036554  0.058990  3.770537   22.197068   3.532773    0.129136
1  0.153011  2.863968  0.032896  0.092372  3.169325   15.682763   2.495989    0.082108
2  0.188942  1.892185  0.033140  0.105359  2.093930    6.845631   1.089516    0.036107
3  0.260986  2.459916  0.082203  0.194988  2.722192   11.569821   1.841394    0.151368
4  0.263190  2.197499  0.074679  0.193982  2.431796    9.233013   1.469480    0.109740
5  0.476361  2.685283  0.298948  0.140845  2.971587   13.786885   2.194251    0.655966
6  0.603756  3.066196  0.548346  0.095208  3.393114   17.975706   2.860922    1.568776
7  0.813731  3.559648  1.156380  0.059813  3.939178   24.227038   3.855853    4.458833
8  1.216948  4.119113  2.992817  0.044357  4.558293   32.440955   5.163138   15.452328
9  1.686558  4.606299  6.428164  0.014085  5.097422   40.568628   6.456698   41.504709
Average annual power density [kW/m]: 0.42597078537712574
Average annual power [kW]: 1.848249056326194
