        Hm0        Te      power    weight        Tp  lambda_opt  width_opt  opt_pwr_kW
0  0.204358  1.975789   0.040481  0.092513  2.186448    7.463926   1.187921    0.048089
1  0.308732  2.615893   0.122325  0.150717  2.894799   13.083565   2.082314    0.254719
2  0.351573  3.117980   0.189076  0.156598  3.450418   18.588001   2.958372    0.559356
3  0.410021  3.882002   0.320185  0.114202  4.295901   28.813604   4.585827    1.468313
4  0.639696  3.444891   0.691600  0.124985  3.812185   22.690132   3.611247    2.497538
5  0.716136  4.829895   1.215236  0.068374  5.344859   44.602746   7.098747    8.626655
6  0.846347  4.048026   1.422564  0.111016  4.479626   31.330884   4.986465    7.093565
7  1.220865  4.543043   3.322110  0.065188  5.027422   39.462073   6.280584   20.864788
8  1.458482  5.318441   5.550324  0.070580  5.885493   54.082253   8.607458   47.774178
9  1.950133  6.015523  11.223640  0.045828  6.656898   69.188340  11.011666  123.590975
Average annual power density [kW/m]: 1.5384683907934418
Average annual power [kW]: 12.383517517161938
